[DASH_CAM]
POS=0.347672,1.03749,0.047162
EXP=20
